Overall Accuracy: 90.11%

Class      Precision    Recall       F1-Score    
--------------------------------------------------
0          0.9083       0.9602       0.9335      
1          0.9748       0.9877       0.9812      
2          0.9181       0.8362       0.8753      
3          0.8377       0.8842       0.8603      
4          0.8934       0.8880       0.8907      
5          0.8765       0.8038       0.8386      
6          0.9074       0.9509       0.9286      
7          0.9196       0.9232       0.9214      
8          0.8715       0.8706       0.8711      
9          0.8915       0.8880       0.8898      

Macro Average:
Precision: 0.8999
Recall: 0.8993
F1-Score: 0.8990
