Overall Accuracy: 92.49%

Class      Precision    Recall       F1-Score    
--------------------------------------------------
0          0.9515       0.9816       0.9663      
1          0.9668       0.9762       0.9715      
2          0.9290       0.9002       0.9144      
3          0.9114       0.9059       0.9086      
4          0.9318       0.9328       0.9323      
5          0.9097       0.8587       0.8835      
6          0.9361       0.9489       0.9425      
7          0.9298       0.9154       0.9225      
8          0.8845       0.9045       0.8944      
9          0.8908       0.9138       0.9022      

Macro Average:
Precision: 0.9242
Recall: 0.9238
F1-Score: 0.9238
