Overall Accuracy: 91.92%

Class      Precision    Recall       F1-Score    
--------------------------------------------------
0          0.9386       0.9827       0.9601      
1          0.9594       0.9780       0.9686      
2          0.9416       0.8750       0.9071      
3          0.8971       0.9149       0.9059      
4          0.9139       0.9399       0.9267      
5          0.9104       0.8543       0.8814      
6          0.9268       0.9520       0.9392      
7          0.9157       0.9193       0.9175      
8          0.8762       0.8789       0.8775      
9          0.9049       0.8860       0.8953      

Macro Average:
Precision: 0.9184
Recall: 0.9181
F1-Score: 0.9179
